5.362721 3.146812 
2.614287 5.222874 
2.072917 1.167639 
6.763219 3.015023 
7.072307 3.207554 
4.255885 0.906440 
1.421455 5.314227 
1.591419 4.832126 
3.606682 5.340807 
5.132009 2.198122 
1.310319 5.129986 
2.610364 0.880276 
0.511553 4.910529 
5.367081 3.195025 
2.023590 0.447716 
4.956794 2.897763 
1.707255 4.042315 
1.844200 5.031540 
0.946232 0.245223 
5.145330 4.132257 
1.017320 4.844736 
3.602924 1.100464 
1.020627 4.629911 
0.967913 1.161668 
2.638191 0.990769 
5.749078 3.368455 
2.169792 5.432584 
5.946229 3.513463 
2.793489 5.404088 
2.177772 4.861540 
2.739119 1.122737 
3.853843 0.792048 
3.278840 1.011005 
2.942944 1.028251 
4.372719 1.029141 
0.418524 4.883125 
5.971931 2.856319 
0.548452 5.026730 
5.667310 2.964779 
5.689587 3.019924 
2.158313 0.808897 
1.916913 4.523595 
3.118902 0.694383 
0.666323 4.871880 
2.176147 5.735971 
5.787691 3.292551 
6.447652 3.228922 
3.326489 1.280191 
5.895621 2.898440 
2.568694 5.206879 
3.264551 1.383687 
6.927220 3.199600 
1.654563 1.186312 
5.860679 2.995771 
1.531781 1.100548 
8.203398 2.416935 
2.451108 5.183103 
2.241850 4.924462 
6.448345 3.352992 
2.300978 4.972358 
3.459280 2.684784 
1.403726 4.575277 
2.541800 4.810987 
3.171096 5.594645 
3.134280 4.961781 
-0.257383 6.027202 
5.372939 2.816848 
1.514353 4.770033 
3.098892 4.854778 
5.697979 2.949771 
1.817333 5.133339 
5.975103 3.025919 
2.951770 0.913748 
3.231142 5.784297 
3.240242 1.148762 
1.120367 5.208807 
1.022851 5.210927 
6.697639 2.570717 
3.299684 0.336595 
3.124051 0.678218 
0.379634 5.261947 
1.129939 0.770853 
6.597022 3.070824 
4.744494 3.396047 
2.127019 0.956720 
3.203606 0.722215 
6.292063 2.775739 
2.543715 0.957327 
5.723957 3.044542 
2.799959 5.115263 
3.749387 1.165753 
5.345318 0.387170 
3.042021 5.007584 
2.251508 5.445003 
1.769160 0.688535 
4.184500 0.453562 
5.658583 4.799964 
2.888222 5.260420 
3.622029 1.286438 
2.404278 5.025871 
3.233947 1.082023 
3.028364 1.356352 
4.332023 2.872803 
4.707758 2.787109 
2.284093 0.648655 
4.959907 0.645259 
4.304711 1.107260 
3.720281 1.277479 
3.972788 0.527589 
3.007089 4.678978 
2.969797 1.012103 
3.814229 4.735268 
0.105118 4.729163 
4.034609 0.832693 
5.502958 2.629246 
2.095173 1.140105 
6.399415 2.955521 
7.246948 2.968774 
6.482126 2.550851 
3.006772 0.625191 
2.144911 1.135824 
2.069954 4.684671 
2.798827 0.496715 
3.907793 5.094647 
2.286648 5.007670 
6.037628 2.683035 
0.665828 5.243993 
1.678380 5.269038 
6.352579 3.290855 
5.781163 3.079878 
7.472053 3.589416 
2.156534 0.403589 
6.050869 2.807026 
5.640347 2.693853 
1.405979 5.066368 
5.036112 2.924861 
1.574493 1.348111 
4.825534 2.779617 
2.937203 0.776762 
5.740362 3.103913 
6.781107 3.056769 
6.641072 3.059987 
6.273763 2.242560 
3.278443 1.750439 
6.335595 3.308643 
5.732849 2.906155 
0.476474 5.135360 
7.302787 3.380160 
3.411563 1.159636 
2.121695 5.208542 
5.994083 3.216611 
5.387360 2.267374 
5.502587 3.118691 
3.658666 1.169580 
6.232289 2.728509 
0.313198 5.546946 
2.179893 1.308798 
1.599508 5.025536 
1.381335 5.001950 
6.632627 3.147992 
3.126352 1.280689 
5.195908 3.161821 
3.575503 0.829883 
4.060691 4.995039 
2.421736 1.309575 
6.407739 2.675549 
2.192436 5.011498 
5.578123 3.247660 
6.174432 3.290265 
3.787909 0.476457 
0.363917 4.733328 
1.153540 4.678667 
6.624473 2.744537 
3.203800 1.027281 
2.684994 0.353449 
3.030843 5.240576 
5.639669 3.336816 
1.728182 5.360284 
2.455759 0.789047 
5.024330 2.986832 
3.061929 1.571921 
6.727981 3.004398 
0.953116 5.580371 
4.888043 5.506708 
4.277831 1.180137 
2.883840 0.804545 
5.766350 3.142717 
3.902067 1.277788 
1.681646 4.737421 
2.591486 4.925934 
6.640789 2.410688 
2.958184 1.018871 
3.915961 1.012258 
2.155207 0.806966 
3.118765 1.332855 
5.335340 3.069680 
3.089702 1.088145 
6.178103 2.949704 
4.372498 3.054882 
5.617543 2.597507 
2.234541 5.055472 
1.160742 4.677279 
3.409899 1.082807 
3.564786 1.117647 
1.735507 4.688364 
3.231979 4.939894 
2.926583 5.096679 
7.579315 2.779317 
6.466436 2.894245 
3.162186 4.836583 
3.279645 1.442390 
6.991984 2.987067 
1.991299 4.922973 
5.317125 2.817414 
6.005065 2.727842 
3.936160 1.462029 
5.631761 3.047588 
1.857765 4.869624 
5.477937 2.474044 
2.203217 4.945164 
3.506635 0.738781 
1.853827 5.257901 
4.081650 0.915604 
2.178936 5.297587 
2.809964 5.538499 
2.847345 0.267593 
1.965480 1.217308 
2.269014 4.618189 
5.994231 2.784649 
6.094571 2.618680 
5.989207 3.255177 
2.429232 1.162492 
3.083491 1.196326 
4.653106 0.556622 
6.513100 2.598205 
3.203671 4.859248 
2.904017 4.612204 
7.756606 3.156045 
7.216840 2.728966 
1.556784 5.085265 
4.187744 2.892835 
1.517753 5.038366 
2.470537 4.804189 
6.374737 2.562531 
3.941591 0.825774 
2.209603 4.914693 
6.117681 2.854757 
6.242571 2.791793 
4.138359 1.247810 
1.321914 5.407619 
1.605200 1.109805 
3.161090 1.294229 
2.428659 0.864993 
2.983408 4.840464 
4.017149 1.160707 
3.451863 0.427841 
3.976951 1.454429 
4.616524 2.793207 
6.905530 3.310538 
0.179613 5.456580 
3.635861 1.121602 
2.443148 1.413617 
1.032234 5.115988 
6.511007 2.727319 
4.159082 0.617207 
7.655032 2.870956 
7.314779 3.514641 
6.010180 2.724013 
2.875543 1.374230 
6.284382 3.237079 
1.919096 5.578485 
5.326156 3.033141 
1.201000 4.578298 
2.566124 1.033121 
7.029239 3.035089 
2.418606 4.986114 
6.885756 2.888453 
3.297652 5.592055 
1.892977 4.890432 
2.559831 5.263978 
2.036138 5.495609 
4.377575 0.205810 
2.795887 0.995267 
1.842080 4.607572 
1.829760 4.596573 
1.402608 1.098138 
1.849355 1.022326 
7.206053 3.362791 
2.534460 1.215621 
6.587057 3.375084 
1.955389 1.321569 
7.494928 2.840187 
2.049746 5.624140 
5.153800 2.812060 
3.648465 1.628497 
3.300636 1.281076 
3.961625 2.720251 
2.114964 5.373736 
2.021345 4.412674 
0.940489 5.715568 
